Morb
[4.15476794e-03 2.85550313e+00 4.33614392e+00 4.58879844e+00
 4.69068912e+00 4.93586606e+00 5.10882770e+00 5.22712674e+00
 5.32132749e+00 5.40529670e+00 5.45791024e+00 5.51730846e+00
 5.56517186e+00 5.60577145e+00 5.63524094e+00 5.65737020e+00
 5.67580032e+00 5.69645438e+00 5.70801208e+00 5.71869241e+00
 5.72790519e+00 5.73990642e+00 5.74702020e+00 5.75395566e+00
 5.75976303e+00 5.76541524e+00 5.77051861e+00 5.77519812e+00
 5.77943281e+00 5.78376170e+00 5.78767206e+00 5.79132624e+00
 5.79446954e+00 5.79789863e+00 5.80118538e+00 5.80430560e+00
 5.80715106e+00 5.81006538e+00 5.81270513e+00 5.81494550e+00
 5.81718702e+00 5.81954444e+00 5.82160707e+00 5.82366773e+00
 5.82566124e+00 5.82752803e+00 5.82953070e+00 5.83146286e+00
 5.83304522e+00 5.83474371e+00 5.83640127e+00 5.83804432e+00
 5.83948197e+00 5.84099729e+00 5.84245539e+00 5.84377444e+00
 5.84510271e+00 5.84638796e+00 5.84755552e+00 5.84874366e+00
 5.84988018e+00 5.85098842e+00 5.85211942e+00 5.85322346e+00
 5.85437635e+00 5.85548342e+00 5.85650467e+00 5.85750500e+00
 5.85847684e+00 5.85942833e+00 5.86038779e+00 5.86122028e+00
 5.86218940e+00 5.86302932e+00 5.86389671e+00 5.86470140e+00
 5.86549930e+00 5.86625072e+00 5.86700210e+00 5.86776206e+00
 5.86849400e+00 5.86923182e+00 5.86995233e+00 5.87069435e+00
 5.87140424e+00 5.87207639e+00 5.87282133e+00 5.87353762e+00
 5.87416528e+00 5.87487485e+00 5.87550027e+00 5.87609680e+00
 5.87676622e+00 5.87737450e+00 5.87798467e+00 5.87850843e+00
 5.87916407e+00 5.87972321e+00 5.88029234e+00 5.88088129e+00
 5.88141920e+00 5.88189758e+00 5.88236668e+00 5.88290495e+00
 5.88342740e+00 5.88394165e+00 5.88432848e+00 5.88477471e+00
 5.88524416e+00 5.88575639e+00 5.88622926e+00 5.88684084e+00
 5.88735198e+00 5.88783007e+00 5.88821789e+00 5.88858154e+00
 5.88895819e+00 5.88935056e+00 5.88980500e+00 5.89011846e+00
 5.89053447e+00 5.89096987e+00 5.89134517e+00 5.89181021e+00
 5.89220219e+00 5.89253973e+00 5.89294386e+00 5.89328251e+00
 5.89370016e+00 5.89410278e+00 5.89442467e+00 5.89477330e+00
 5.89507993e+00 5.89537587e+00 5.89572642e+00 5.89604520e+00
 5.89633370e+00 5.89665977e+00 5.89695000e+00 5.89733536e+00
 5.89765254e+00 5.89786748e+00 5.89824278e+00 5.89849845e+00
 5.89876207e+00 5.89913123e+00 5.89952714e+00 5.89985423e+00
 5.90003528e+00 5.90026869e+00 5.90047770e+00 5.90067247e+00
 5.90091065e+00 5.90117222e+00 5.90133297e+00 5.90160970e+00
 5.90182021e+00 5.90204850e+00 5.90232784e+00 5.90257455e+00
 5.90283489e+00 5.90315175e+00 5.90340426e+00 5.90362914e+00
 5.90385611e+00 5.90400411e+00 5.90422495e+00 5.90444031e+00
 5.90463205e+00 5.90484444e+00 5.90504250e+00 5.90519889e+00
 5.90541407e+00 5.90555730e+00 5.90572741e+00 5.90595047e+00
 5.90612602e+00 5.90631866e+00 5.90654174e+00 5.90670756e+00
 5.90684538e+00 5.90703101e+00 5.90722487e+00 5.90739768e+00
 5.90753422e+00 5.90769799e+00 5.90794065e+00 5.90814039e+00
 5.90838884e+00 5.90851135e+00 5.90860489e+00 5.90876187e+00
 5.90885294e+00 5.90901712e+00 5.90919542e+00 5.90935662e+00
 5.90947496e+00 5.90964153e+00 5.90979033e+00 5.90995334e+00
 5.91015682e+00 5.91030617e+00 5.91036708e+00 5.91045001e+00
 5.91064430e+00 5.91075411e+00 5.91089839e+00 5.91099961e+00
 5.91116473e+00 5.91125808e+00 5.91135830e+00 5.91145573e+00
 5.91151510e+00 5.91162142e+00 5.91171521e+00 5.91194392e+00
 5.91200345e+00 5.91208017e+00 5.91209886e+00 5.91217758e+00
 5.91229404e+00 5.91235883e+00 5.91250439e+00 5.91259079e+00
 5.91259623e+00 5.91261023e+00 5.91267882e+00 5.91282145e+00
 5.91293945e+00 5.91291607e+00 5.91298821e+00 5.91306241e+00
 5.91308086e+00 5.91315670e+00 5.91317358e+00 5.91329007e+00
 5.91333806e+00 5.91332930e+00 5.91331290e+00 5.91345354e+00
 5.91343577e+00]
mSR
[-5.62785493e-03 -1.28794678e+01 -2.30477742e+01 -2.59442221e+01
 -2.77860724e+01 -3.15881589e+01 -3.45115921e+01 -3.67340705e+01
 -3.86496703e+01 -4.05079347e+01 -4.18480963e+01 -4.33537996e+01
 -4.46226717e+01 -4.58086649e+01 -4.67749112e+01 -4.75188155e+01
 -4.81668385e+01 -4.88875119e+01 -4.93992458e+01 -4.98594845e+01
 -5.02985747e+01 -5.07885902e+01 -5.11417480e+01 -5.15203730e+01
 -5.18384038e+01 -5.21449571e+01 -5.24266150e+01 -5.27099950e+01
 -5.29565431e+01 -5.32218294e+01 -5.34689657e+01 -5.37074879e+01
 -5.39150296e+01 -5.41467109e+01 -5.43671411e+01 -5.45767109e+01
 -5.47833903e+01 -5.49908598e+01 -5.51856306e+01 -5.53520413e+01
 -5.55216362e+01 -5.57009320e+01 -5.58607154e+01 -5.60200582e+01
 -5.61789140e+01 -5.63333067e+01 -5.64942555e+01 -5.66455609e+01
 -5.67848841e+01 -5.69320903e+01 -5.70754637e+01 -5.72075813e+01
 -5.73439502e+01 -5.74774270e+01 -5.76051109e+01 -5.77313894e+01
 -5.78530491e+01 -5.79703244e+01 -5.80830530e+01 -5.81931692e+01
 -5.83025227e+01 -5.84088762e+01 -5.85196693e+01 -5.86271136e+01
 -5.87371998e+01 -5.88458949e+01 -5.89521788e+01 -5.90541511e+01
 -5.91530904e+01 -5.92541425e+01 -5.93536401e+01 -5.94413670e+01
 -5.95412198e+01 -5.96308601e+01 -5.97253343e+01 -5.98110469e+01
 -5.98973594e+01 -5.99819866e+01 -6.00650658e+01 -6.01500616e+01
 -6.02331246e+01 -6.03147335e+01 -6.03983529e+01 -6.04810593e+01
 -6.05597306e+01 -6.06413717e+01 -6.07234117e+01 -6.08070997e+01
 -6.08864756e+01 -6.09670945e+01 -6.10428968e+01 -6.11183540e+01
 -6.11936864e+01 -6.12690819e+01 -6.13421731e+01 -6.14143649e+01
 -6.14864973e+01 -6.15552478e+01 -6.16261127e+01 -6.16951890e+01
 -6.17628556e+01 -6.18275687e+01 -6.18923537e+01 -6.19570317e+01
 -6.20214411e+01 -6.20842688e+01 -6.21479154e+01 -6.22118023e+01
 -6.22746308e+01 -6.23360054e+01 -6.23987163e+01 -6.24611946e+01
 -6.25226170e+01 -6.25829491e+01 -6.26430571e+01 -6.27012247e+01
 -6.27589181e+01 -6.28172656e+01 -6.28736100e+01 -6.29304138e+01
 -6.29867107e+01 -6.30429144e+01 -6.30996361e+01 -6.31560406e+01
 -6.32102854e+01 -6.32650071e+01 -6.33191910e+01 -6.33729656e+01
 -6.34262570e+01 -6.34799656e+01 -6.35331838e+01 -6.35859810e+01
 -6.36386157e+01 -6.36910448e+01 -6.37430129e+01 -6.37942389e+01
 -6.38443534e+01 -6.38940029e+01 -6.39432726e+01 -6.39916184e+01
 -6.40395764e+01 -6.40868553e+01 -6.41343414e+01 -6.41804869e+01
 -6.42268076e+01 -6.42725381e+01 -6.43182068e+01 -6.43632821e+01
 -6.44084898e+01 -6.44519847e+01 -6.44956918e+01 -6.45389034e+01
 -6.45809784e+01 -6.46226972e+01 -6.46636013e+01 -6.47047866e+01
 -6.47449910e+01 -6.47850560e+01 -6.48247434e+01 -6.48643028e+01
 -6.49038720e+01 -6.49442092e+01 -6.49834991e+01 -6.50233510e+01
 -6.50626550e+01 -6.51019074e+01 -6.51409575e+01 -6.51790119e+01
 -6.52174200e+01 -6.52554603e+01 -6.52934208e+01 -6.53319282e+01
 -6.53700985e+01 -6.54075963e+01 -6.54454184e+01 -6.54825122e+01
 -6.55190069e+01 -6.55562941e+01 -6.55922962e+01 -6.56276468e+01
 -6.56638191e+01 -6.56997395e+01 -6.57348021e+01 -6.57687956e+01
 -6.58031664e+01 -6.58373799e+01 -6.58713804e+01 -6.59058179e+01
 -6.59396165e+01 -6.59719425e+01 -6.60043467e+01 -6.60369902e+01
 -6.60694823e+01 -6.61012738e+01 -6.61331084e+01 -6.61644675e+01
 -6.61950986e+01 -6.62260134e+01 -6.62554336e+01 -6.62849348e+01
 -6.63139641e+01 -6.63430841e+01 -6.63712352e+01 -6.63985869e+01
 -6.64267786e+01 -6.64545217e+01 -6.64805943e+01 -6.65077170e+01
 -6.65341446e+01 -6.65585583e+01 -6.65840664e+01 -6.66084223e+01
 -6.66330417e+01 -6.66579071e+01 -6.66814826e+01 -6.67074538e+01
 -6.67280631e+01 -6.67487505e+01 -6.67700661e+01 -6.67915534e+01
 -6.68127318e+01 -6.68327678e+01 -6.68530991e+01 -6.68723057e+01
 -6.68912760e+01 -6.69093422e+01 -6.69297604e+01 -6.69492111e+01
 -6.69672993e+01 -6.69844496e+01 -6.70013788e+01 -6.70177944e+01
 -6.70347536e+01 -6.70505967e+01 -6.70662064e+01 -6.70820824e+01
 -6.71002898e+01 -6.71150533e+01 -6.71248369e+01 -6.71421382e+01
 -6.71586179e+01]